diary on
numCiclomatico = numCiclomatico'

numCiclomatico =

  Columns 1 through 12

   39.4128   39.3958   39.3331   38.1297   39.4719   38.6639   36.8710   36.7506   34.8217   35.6648   39.4998   38.2923

  Columns 13 through 24

   37.7645   38.7945   38.2638   38.5351   39.5417   14.4415   32.3674   27.6822   29.3087   38.9655   34.9556   37.6527

  Columns 25 through 36

   32.2681   18.5429   38.3840   17.5122   34.4504   38.0746   38.1477   38.3552   38.8909   36.3595   37.3274         0

  Columns 37 through 48

   38.8533   38.8640   34.2764   38.3325   29.5374   35.8193   36.1029   27.4484   33.3250   39.6820   38.0856   39.2156

  Columns 49 through 50

   40.0000   38.9503

diary
